#       k [h/Mpc]           P_cdm          P_vcdm         P_total
          0.0001         2.65655         2.65655         2.65655
     0.000106333         2.81501         2.81501         2.81501
     0.000113066         2.98292         2.98292         2.98292
     0.000120226         3.16082         3.16082         3.16082
      0.00012784         3.34933         3.34933         3.34933
     0.000135936         3.54906         3.54906         3.54906
     0.000144544         3.76069         3.76069         3.76069
     0.000153697         3.98491         3.98491         3.98491
     0.000163431         4.22247         4.22247         4.22247
      0.00017378         4.47416         4.47416         4.47416
     0.000184785         4.74081         4.74081         4.74081
     0.000196487         5.02331         5.02331         5.02331
      0.00020893         5.32258         5.32258         5.32258
      0.00022216         5.63962         5.63962         5.63962
     0.000236229         5.97546         5.97546         5.97546
     0.000251189         6.33121         6.33121         6.33121
     0.000267096         6.70803         6.70803         6.70803
      0.00028401         7.10714         7.10714         7.10714
     0.000301995         7.52983         7.52983         7.52983
     0.000321119         7.97748         7.97748         7.97748
     0.000341455         8.45152         8.45152         8.45152
     0.000363078         8.95346         8.95346         8.95346
     0.000386071          9.4849          9.4849          9.4849
     0.000410519         10.0475         10.0475         10.0475
     0.000436516          10.643          10.643          10.643
     0.000464159         11.2734         11.2734         11.2734
     0.000493552         11.9404         11.9404         11.9404
     0.000524807         12.6462         12.6462         12.6462
     0.000558042         13.3928         13.3928         13.3928
     0.000593381         14.1825         14.1825         14.1825
     0.000630957         15.0176         15.0176         15.0176
     0.000670914         15.9004         15.9004         15.9004
       0.0007134         16.8335         16.8335         16.8335
     0.000758578         17.8195         17.8195         17.8195
     0.000806616         18.8609         18.8609         18.8609
     0.000857696         19.9606         19.9606         19.9606
     0.000912011         21.1213         21.1213         21.1213
     0.000969765         22.3458         22.3458         22.3458
      0.00103118         23.6372         23.6372         23.6372
      0.00109648         24.9984         24.9984         24.9984
      0.00116591         26.4322         26.4322         26.4322
      0.00123975         27.9418         27.9418         27.9418
      0.00131826           29.53           29.53           29.53
      0.00140174         31.1997         31.1997         31.1997
       0.0014905         32.9537         32.9537         32.9537
      0.00158489         34.7948         34.7948         34.7948
      0.00168526         36.7254         36.7254         36.7254
      0.00179198         38.7479         38.7479         38.7479
      0.00190546         40.8643         40.8643         40.8643
      0.00202613         43.0766         43.0766         43.0766
      0.00215443         45.3861         45.3861         45.3861
      0.00229087         47.7939         47.7939         47.7939
      0.00243594         50.3005         50.3005         50.3005
       0.0025902          52.906          52.906          52.906
      0.00275423         55.6097         55.6097         55.6097
      0.00292864         58.4104         58.4104         58.4104
      0.00311411         61.3061         61.3061         61.3061
      0.00331131         64.2938         64.2938         64.2938
      0.00352101         67.3698         67.3698         67.3698
      0.00374398         70.5293         70.5293         70.5293
      0.00398107         73.7664         73.7664         73.7664
      0.00423318         77.0742         77.0742         77.0742
      0.00450125         80.4443         80.4443         80.4443
       0.0047863         83.8672         83.8672         83.8672
       0.0050894         87.3321         87.3321         87.3321
       0.0054117         90.8266         90.8266         90.8266
       0.0057544          94.337          94.337          94.337
      0.00611881         97.8479         97.8479         97.8479
      0.00650629         101.342         101.342         101.342
      0.00691831         104.802         104.802         104.802
      0.00735642         108.206         108.206         108.206
      0.00782228         111.533         111.533         111.533
      0.00831764          114.76          114.76          114.76
      0.00884437         117.859         117.859         117.859
      0.00940445         120.805         120.805         120.805
            0.01         123.567         123.567         123.567
       0.0106333         126.115         126.115         126.115
       0.0113066         128.415         128.415         128.415
       0.0120226         130.432         130.432         130.432
        0.012784          132.13          132.13          132.13
       0.0135936          133.47          133.47          133.47
       0.0144544         134.412         134.412         134.412
       0.0153697         134.917         134.917         134.917
       0.0163431         134.946         134.946         134.946
        0.017378         134.462         134.462         134.462
       0.0184785         133.432         133.432         133.432
       0.0196487         131.831         131.831         131.831
        0.020893         129.645         129.645         129.645
        0.022216         126.872         126.872         126.872
       0.0236229         123.529         123.529         123.529
       0.0251189         119.656         119.656         119.656
       0.0267096         115.314         115.314         115.314
        0.028401         110.586         110.586         110.586
       0.0301995         105.575         105.575         105.575
       0.0321119         100.398         100.398         100.398
       0.0341455         95.1747         95.1747         95.1747
       0.0363078         90.0234         90.0234         90.0234
       0.0386071          85.049          85.049          85.049
       0.0410519         80.3389         80.3389         80.3389
       0.0436516         75.9589         75.9589         75.9589
       0.0464159         71.9516         71.9516         71.9516
       0.0493552         68.3341         68.3341         68.3341
       0.0524807         65.0942         65.0942         65.0942
       0.0558042         62.1834         62.1834         62.1834
       0.0593381          59.508          59.508          59.508
       0.0630957         56.9241         56.9241         56.9241
       0.0670914         54.2444         54.2444         54.2444
         0.07134         51.2688         51.2688         51.2688
       0.0758578         47.8418         47.8418         47.8418
       0.0806616         43.9279         43.9279         43.9279
       0.0857696         39.6703         39.6703         39.6703
       0.0912011          35.389          35.389          35.389
       0.0969765         31.4909         31.4909         31.4909
        0.103118         28.3165         28.3165         28.3165
        0.109648         25.9884         25.9884         25.9884
        0.116591         24.3284         24.3284         24.3284
        0.123975         22.8971         22.8971         22.8971
        0.131826         21.2009         21.2009         21.2009
        0.140174         19.0234         19.0234         19.0234
         0.14905         16.6241         16.6241         16.6241
        0.158489         14.5351         14.5351         14.5351
        0.168526         13.0841         13.0841         13.0841
        0.179198          12.099          12.099          12.099
        0.190546         11.0881         11.0881         11.0881
        0.202613         9.79987         9.79987         9.79987
        0.215443         8.51846         8.51846         8.51846
        0.229087         7.59135         7.59135         7.59135
        0.243594         6.90353         6.90353         6.90353
         0.25902         6.14039         6.14039         6.14039
        0.275423         5.35781         5.35781         5.35781
        0.292864         4.76375         4.76375         4.76375
        0.311411         4.25404         4.25404         4.25404
        0.331131         3.72834         3.72834         3.72834
        0.352101         3.29099         3.29099         3.29099
        0.374398         2.91153         2.91153         2.91153
        0.398107         2.55255         2.55255         2.55255
        0.423318         2.24977         2.24977         2.24977
        0.450125         1.97349         1.97349         1.97349
         0.47863         1.73225         1.73225         1.73225
         0.50894         1.51768         1.51768         1.51768
         0.54117         1.32908         1.32908         1.32908
         0.57544         1.16221         1.16221         1.16221
        0.611881         1.01576         1.01576         1.01576
        0.650629        0.886698        0.886698        0.886698
        0.691831        0.773399        0.773399        0.773399
        0.735642        0.674028        0.674028        0.674028
        0.782228        0.586893        0.586893        0.586893
        0.831764        0.510587        0.510587        0.510587
        0.884437        0.443844        0.443844        0.443844
        0.940445        0.385522        0.385522        0.385522
               1        0.334603        0.334603        0.334603
         1.06333         0.29019         0.29019         0.29019
         1.13066        0.251485        0.251485        0.251485
         1.20226        0.217783        0.217783        0.217783
          1.2784        0.188462        0.188462        0.188462
         1.35936        0.162975        0.162975        0.162975
         1.44544         0.14084         0.14084         0.14084
         1.53697        0.121629        0.121629        0.121629
         1.63431         0.10497         0.10497         0.10497
          1.7378       0.0905351       0.0905351       0.0905351
         1.84785       0.0780362       0.0780362       0.0780362
         1.96487       0.0672218       0.0672218       0.0672218
          2.0893       0.0578714       0.0578714       0.0578714
          2.2216       0.0497924       0.0497924       0.0497924
         2.36229       0.0428167       0.0428167       0.0428167
         2.51189       0.0367978       0.0367978       0.0367978
         2.67096       0.0316075       0.0316075       0.0316075
          2.8401       0.0271348       0.0271348       0.0271348
         3.01995       0.0232829       0.0232829       0.0232829
         3.21119       0.0199675       0.0199675       0.0199675
         3.41455       0.0171156       0.0171156       0.0171156
         3.63078       0.0146639       0.0146639       0.0146639
         3.86071       0.0125573       0.0125573       0.0125573
         4.10519       0.0107483       0.0107483       0.0107483
         4.36516      0.00919577      0.00919577      0.00919577
         4.64159      0.00786394      0.00786394      0.00786394
         4.93552      0.00672206      0.00672206      0.00672206
         5.24807      0.00574353      0.00574353      0.00574353
         5.58042       0.0049054       0.0049054       0.0049054
         5.93381      0.00418787      0.00418787      0.00418787
         6.30957      0.00357386      0.00357386      0.00357386
         6.70914      0.00304869      0.00304869      0.00304869
           7.134       0.0025997       0.0025997       0.0025997
         7.58578      0.00221601      0.00221601      0.00221601
         8.06616      0.00188826      0.00188826      0.00188826
         8.57696      0.00160841      0.00160841      0.00160841
         9.12011      0.00136956      0.00136956      0.00136956
         9.69765      0.00116578      0.00116578      0.00116578
         10.3118     0.000991992     0.000991992     0.000991992
         10.9648     0.000843837     0.000843837     0.000843837
         11.6591      0.00071758      0.00071758      0.00071758
         12.3975     0.000610024     0.000610024     0.000610024
         13.1826     0.000518431     0.000518431     0.000518431
         14.0174      0.00044046      0.00044046      0.00044046
          14.905     0.000374106     0.000374106     0.000374106
         15.8489     0.000317657     0.000317657     0.000317657
         16.8526     0.000269651     0.000269651     0.000269651
         17.9198     0.000228837     0.000228837     0.000228837
         19.0546     0.000194149     0.000194149     0.000194149
         20.2613     0.000164676     0.000164676     0.000164676
         21.5443     0.000139641     0.000139641     0.000139641
         22.9087     0.000118382     0.000118382     0.000118382
         24.3594     0.000100335     0.000100335     0.000100335
          25.902      8.5019e-05      8.5019e-05      8.5019e-05
         27.5423     7.20238e-05     7.20238e-05     7.20238e-05
         29.2864     6.10009e-05     6.10009e-05     6.10009e-05
         31.1411     5.16532e-05     5.16532e-05     5.16532e-05
         33.1131     4.37283e-05     4.37283e-05     4.37283e-05
         35.2101     3.70111e-05     3.70111e-05     3.70111e-05
         37.4398     3.13192e-05     3.13192e-05     3.13192e-05
         39.8107      2.6497e-05      2.6497e-05      2.6497e-05
         42.3318     2.24127e-05     2.24127e-05     2.24127e-05
         45.0125     1.89542e-05     1.89542e-05     1.89542e-05
          47.863     1.60262e-05     1.60262e-05     1.60262e-05
          50.894     1.35478e-05     1.35478e-05     1.35478e-05
          54.117     1.14506e-05     1.14506e-05     1.14506e-05
          57.544      9.6762e-06      9.6762e-06      9.6762e-06
         61.1881     8.17528e-06     8.17528e-06     8.17528e-06
         65.0629     6.90593e-06     6.90593e-06     6.90593e-06
         69.1831     5.83264e-06     5.83264e-06     5.83264e-06
         73.5642      4.9253e-06      4.9253e-06      4.9253e-06
         78.2228      4.1584e-06      4.1584e-06      4.1584e-06
         83.1764     3.51033e-06     3.51033e-06     3.51033e-06
         88.4437     2.96277e-06     2.96277e-06     2.96277e-06
         94.0445     2.50022e-06     2.50022e-06     2.50022e-06
             100     2.10955e-06     2.10955e-06     2.10955e-06
         106.333     1.77964e-06     1.77964e-06     1.77964e-06
         113.066      1.5011e-06      1.5011e-06      1.5011e-06
         120.226     1.26597e-06     1.26597e-06     1.26597e-06
          127.84     1.06751e-06     1.06751e-06     1.06751e-06
         135.936     9.00026e-07     9.00026e-07     9.00026e-07
         144.544     7.58714e-07     7.58714e-07     7.58714e-07
         153.697     6.39499e-07     6.39499e-07     6.39499e-07
         163.431     5.38941e-07     5.38941e-07     5.38941e-07
          173.78     4.54134e-07     4.54134e-07     4.54134e-07
         184.785     3.82621e-07     3.82621e-07     3.82621e-07
         196.487     3.22326e-07     3.22326e-07     3.22326e-07
          208.93     2.71498e-07     2.71498e-07     2.71498e-07
          222.16     2.28656e-07     2.28656e-07     2.28656e-07
         236.229      1.9255e-07      1.9255e-07      1.9255e-07
         251.189     1.62126e-07     1.62126e-07     1.62126e-07
         267.096     1.36492e-07     1.36492e-07     1.36492e-07
          284.01     1.14897e-07     1.14897e-07     1.14897e-07
         301.995     9.67077e-08     9.67077e-08     9.67077e-08
         321.119     8.13883e-08     8.13883e-08     8.13883e-08
         341.455     6.84879e-08     6.84879e-08     6.84879e-08
         363.078     5.76257e-08     5.76257e-08     5.76257e-08
         386.071     4.84809e-08     4.84809e-08     4.84809e-08
         410.519     4.07829e-08     4.07829e-08     4.07829e-08
         436.516     3.43034e-08     3.43034e-08     3.43034e-08
         464.159     2.88504e-08     2.88504e-08     2.88504e-08
         493.552     2.42616e-08     2.42616e-08     2.42616e-08
         524.807     2.04006e-08     2.04006e-08     2.04006e-08
         558.042     1.71523e-08     1.71523e-08     1.71523e-08
         593.381     1.44198e-08     1.44198e-08     1.44198e-08
         630.957     1.21214e-08     1.21214e-08     1.21214e-08
         670.914     1.01883e-08     1.01883e-08     1.01883e-08
           713.4     8.56272e-09     8.56272e-09     8.56272e-09
         758.578      7.1958e-09      7.1958e-09      7.1958e-09
         806.616     6.04653e-09     6.04653e-09     6.04653e-09
         857.696     5.08034e-09     5.08034e-09     5.08034e-09
         912.011     4.26816e-09     4.26816e-09     4.26816e-09
         969.765     3.58549e-09     3.58549e-09     3.58549e-09
         1031.18     3.01175e-09     3.01175e-09     3.01175e-09
         1096.48     2.52959e-09     2.52959e-09     2.52959e-09
         1165.91     2.12444e-09     2.12444e-09     2.12444e-09
         1239.75     1.78403e-09     1.78403e-09     1.78403e-09
         1318.26     1.49804e-09     1.49804e-09     1.49804e-09
         1401.74     1.25779e-09     1.25779e-09     1.25779e-09
          1490.5     1.05598e-09     1.05598e-09     1.05598e-09
         1584.89     8.86485e-10     8.86485e-10     8.86485e-10
         1685.26     7.44133e-10     7.44133e-10     7.44133e-10
         1791.98     6.24591e-10     6.24591e-10     6.24591e-10
         1905.46     5.24212e-10     5.24212e-10     5.24212e-10
         2026.13     4.39931e-10     4.39931e-10     4.39931e-10
         2154.43     3.69173e-10     3.69173e-10     3.69173e-10
         2290.87     3.09772e-10     3.09772e-10     3.09772e-10
         2435.94     2.59909e-10     2.59909e-10     2.59909e-10
          2590.2     2.18057e-10     2.18057e-10     2.18057e-10
         2754.23     1.82931e-10     1.82931e-10     1.82931e-10
         2928.64     1.53452e-10     1.53452e-10     1.53452e-10
         3114.11     1.28715e-10     1.28715e-10     1.28715e-10
         3311.31     1.07957e-10     1.07957e-10     1.07957e-10
         3521.01     9.05413e-11     9.05413e-11     9.05413e-11
         3743.98     7.59297e-11     7.59297e-11     7.59297e-11
         3981.07     6.36719e-11     6.36719e-11     6.36719e-11
         4233.18     5.33893e-11     5.33893e-11     5.33893e-11
         4501.25     4.47644e-11     4.47644e-11     4.47644e-11
          4786.3     3.75303e-11     3.75303e-11     3.75303e-11
          5089.4     3.14633e-11     3.14633e-11     3.14633e-11
          5411.7     2.63754e-11     2.63754e-11     2.63754e-11
          5754.4     2.21088e-11     2.21088e-11     2.21088e-11
         6118.81     1.85313e-11     1.85313e-11     1.85313e-11
         6506.29     1.55317e-11     1.55317e-11     1.55317e-11
         6918.31     1.30168e-11     1.30168e-11     1.30168e-11
         7356.42     1.09085e-11     1.09085e-11     1.09085e-11
         7822.28     9.14113e-12     9.14113e-12     9.14113e-12
         8317.64     7.65965e-12     7.65965e-12     7.65965e-12
         8844.37     6.41789e-12     6.41789e-12     6.41789e-12
         9404.45     5.37714e-12     5.37714e-12     5.37714e-12
